M1: 1174.355974657587 0 701.7239028502668 0 1172.504959874214 500.799707832714 0 0
  1
R1: 0.9999999221060296 0.0002797807815752639 0.0002784073433956011 -0.0002811381550641334
  0.9999880167848701 0.004887458235118368 -0.0002770365902955745 -0.004887536125341719
  0.999988017548886
P1: 1178.906223556377 0 715.8485596798164 0 0 1178.906223556377 517.3065355937433
  0 0 0 1 0
D1: 0.0144315030722382 0.02073739406733703 3.786613650666692e-05 3.81757356784471e-06
  -0.06575023581045498
M2: 1174.730286278669 0 724.6423413941865 0 1173.543753030961 531.4880240908484 0
  0 1
R2: 0.9999991419655944 -0.0008117452837541148 0.00132291387034398 0.0008181208181952173
  0.9999877240622771 -0.004886958168847541 -0.001310666980344498 0.004888030118574425
  0.9999871879865659
P2: 1178.906223556377 0 715.8485596798164 -82.48317939342729 0 1178.906223556377 517.3065355937433
  0 0 0 1 0
D2: 0.01469586809483907 0.01448301414350609 0.0002980998788629744 0.0004005117471750733
  -0.05065256115720836
M3: 1174.19618305973 0 724.4067732862169 0 1173.015273198887 537.4070513942006 0 0
  1
R3: 0.9999989072388782 0.0001033650424249877 0.001508144204383957 -0.0001140048207603592
  0.9999134303722513 0.01315764872311741 -0.0003822606519304464 -0.01315739077491646
  0.9999124723149209
P3: 1178.906223556377 0 715.8485596798164 -19.44480170811966 0 1178.906223556377 517.3065355937433
  0 0 0 1 0
D3: 0.01655295092365203 0.01197128120745637 0.0004682176648834563 0.0002790381944832272
  -0.05347028839836881
Q12: 1 0 0 -715.8485596798164 0 1 0 -517.3065355937433 0 0 0 1178.906223556377 0 0
  14.29268648742605 0
T12: -0.06996585287725629 5.679310595314703e-05 -9.226979394422915e-05
R12: 0.9999991928481619 0.001104317495098619 -0.001028245221851786 -0.001094214075155958
  0.9999516234817359 0.009775141523181125 0.001047254861337539 -0.009774005274732994
  0.9999516934932234
Q13: 1 0 0 -715.8485596798164 0 1 0 -517.3065355937433 0 0 0 1178.906223556377 0 0
  60.62834896712243 0
T13: -0.01649393422443815 3.058799434989501e-05 -0.0001635044934952175
R13: 0.9999983825102307 0.000162812507097514 -0.0001097422844533047 -0.0001638184156715566
  0.9999657879706766 -0.008270199386587369 0.00123282152366694 0.008270212903870994
  0.999965799401793
size: 1440 1056
reprojectionError: 0.03412038727413765
nonParallelCameras: null
